1 5.000000000000000e-03 +9.940297367496877e-02 +4.779825893234428e-01 +2.870007979494602e-01 +3.655087508126087e-01 +2.948390863180625e-01 -2.376532462481307e-01 
2 5.000000000000000e-03 +9.105672145723246e-01 +8.450761818793967e-01 +2.785862356129945e-02 -1.328336283977461e-01 +3.499608301515907e-01 -3.408118138465726e-01 
3 5.000000000000000e-03 +9.035881561171227e-01 -1.420735985079601e+00 -2.148630197891479e+00 +3.624584559683516e-01 +1.754050823112057e-01 +2.465627758226979e-01 
4 5.000000000000000e-03 -5.840318165382506e-01 -6.732495532815869e-02 +9.811117816665128e-02 -2.804482269565656e-01 +2.701587300587968e-02 +4.546747295666991e-01 
5 5.000000000000000e-03 -2.658211159614666e-01 -1.295491927106596e+00 +1.526683470771573e-01 -3.308469200862858e-01 -7.066845249387017e-02 +1.153817318685204e-01 
6 5.000000000000000e-03 +6.341948123337657e-01 +1.277111956808284e-01 -1.050049900542515e-02 +8.349622646320278e-01 -4.004319599089404e-01 -2.551728366510397e-01 
7 5.000000000000000e-03 -1.993666566304083e+00 -3.631926354470176e+00 -6.560152396022114e-01 -1.186008606371940e-02 -2.412010491758547e-01 +3.734129734626440e-01 
8 5.000000000000000e-03 -6.018997034522223e-02 -5.811867084136112e-01 -1.222564413517411e+00 -2.449310367872439e-01 +7.607797353465789e-01 -9.154744203225409e-02 
9 5.000000000000000e-03 -9.165035811455040e-02 +4.162006575334745e-01 -8.080837798115020e-01 -3.851837512653264e-01 +1.285407782645931e-01 +3.358852924870526e-01 
10 5.000000000000000e-03 -2.781571823304403e-01 +7.817551496377164e-01 +1.120837874814245e-01 -2.883928582457925e-01 -2.657834776934728e-01 -6.470498453596121e-01 
11 5.000000000000000e-03 +6.894399813881126e-01 +2.619896793689372e-01 +2.966798731890303e-01 -4.593246520452166e-01 -4.118063130957184e-02 -2.368281080994795e-01 
12 5.000000000000000e-03 -8.044114837002548e-01 -3.724145081697434e-01 -8.246982136453517e-01 +2.821869375466610e-01 +7.580228421118580e-02 -3.525287818833179e-01 
13 5.000000000000000e-03 -1.520893189568247e-01 -3.005896816509285e-01 +1.465691998850577e+00 +4.707802572234357e-01 +2.364220632302034e-01 +2.604970139358765e-01 
14 5.000000000000000e-03 -3.580229323495474e-02 +7.342974223931321e-01 -8.517119100248042e-01 -1.666311162648049e-01 +7.717209968866101e-01 +3.294913223815822e-02 
15 5.000000000000000e-03 +1.803514242348378e+00 -4.160976645745369e+00 +1.247634528981844e+00 +6.183691162507085e-02 -1.028282018223808e-01 -2.543740983917407e-01 
16 5.000000000000000e-03 -4.960435746578124e-01 +1.325857581836240e+00 +1.023339479691418e+00 -7.895723277075906e-01 -5.128344329497089e-02 -9.369428842656476e-02 
17 5.000000000000000e-03 -2.245463498774719e-01 -1.674478370494703e+00 +7.971207104460293e-01 -6.628543804388277e-01 -2.514877267920820e-01 -2.679481221831881e-01 
18 5.000000000000000e-03 +1.469620250036657e-01 -8.371440501167040e-01 -5.333048929959047e-01 +2.406462683538777e-01 +4.620245465879508e-01 -5.803930016063931e-01 
19 5.000000000000000e-03 +2.541093969012991e-01 -4.272564784903201e-01 +4.098938229215646e-02 -4.680661668079101e-01 +2.723998821849514e-01 -2.716221989229124e-01 
20 5.000000000000000e-03 -6.714506875999114e-01 +4.730026781025970e-01 +6.344764400818167e-01 -5.491554842784142e-02 +3.641633457770815e-01 +5.552376681381325e-01 
21 5.000000000000000e-03 +6.573909674818711e-01 +4.109779353259250e-01 -1.666723456477627e+00 -3.805061017556640e-03 -2.015990168483266e-01 +6.104742637028372e-01 
22 5.000000000000000e-03 +2.178674061225296e-02 +2.098069280920267e+00 +2.094519326079501e-02 -5.507932692764642e-02 -5.063499073764437e-01 -3.695660503368528e-01 
23 5.000000000000000e-03 +4.506612788413774e-02 +4.981876149310163e-01 -7.596734363915020e-01 -2.784609705347386e-01 +1.634528843008573e-01 +4.906521457875184e-01 
24 5.000000000000000e-03 -5.365858026091237e+00 +6.728599811473024e+00 -5.344614275220856e-04 +7.364317391468812e-03 +1.355481182558384e-01 -7.918134331605130e-02 
25 5.000000000000000e-03 +7.811881462985514e-01 -5.027847039896164e-02 -1.013472736479500e-01 +4.373053005199246e-01 +2.000496041936920e-01 -8.837469631670221e-01 
26 5.000000000000000e-03 +4.716208340268477e-02 -2.263389499680554e-01 -3.326523668167866e-01 -3.403280687652133e-01 -6.033411276328018e-02 -5.977467052398205e-01 
27 5.000000000000000e-03 -8.453840984683386e-01 +2.099191431320949e-02 +5.559627760229346e-01 -5.020384939578230e-01 -8.909942678300883e-03 +2.694478772053376e-02 
28 5.000000000000000e-03 -4.137705429173630e-02 -3.325954787998592e-01 -3.686798844708575e-01 -2.820808758437442e-01 -2.477590501865833e-01 +4.730448835731288e-02 
29 5.000000000000000e-03 -3.498138211470890e-01 +2.587213706784345e+00 -1.774295876371686e+00 -1.666730075826579e-01 -8.881578377614649e-02 +4.178498938298831e-02 
30 5.000000000000000e-03 +1.685504053842700e+00 +8.864350112912062e-01 +3.580147686149501e-01 -4.711144729214432e-01 +2.220257607857363e-02 -4.936090536852971e-01 
31 5.000000000000000e-03 +3.374598131416315e-01 +3.320058772803945e-01 -2.449694502981389e-01 +2.410988405027416e-01 +2.085614763308653e-01 +1.383261126276964e-01 
32 5.000000000000000e-03 -7.448653049266497e-02 -7.802747376970848e-02 -6.998503941073252e-01 -1.477891215378909e-01 +4.035280162997491e-01 -2.183440174011414e-01 
33 5.000000000000000e-03 -2.630043168667802e-01 -1.054430945330624e+00 -4.451607372885965e-01 -1.562902290788260e-01 -4.829796651680510e-01 +8.298155547394596e-02 
34 5.000000000000000e-03 +4.035458845722488e-01 +1.616543821457701e+00 -7.686265163192132e-01 +3.499715768915934e-02 +4.486911089660648e-01 -4.928385264876769e-02 
35 5.000000000000000e-03 -2.066400054910818e-01 -2.729525298444576e-01 +1.947060306347724e-02 +3.595257530747302e-01 +5.318741788881601e-01 +1.964549149493631e-03 
36 5.000000000000000e-03 -2.552740758517786e-02 -2.956790492727961e-01 +4.892055654115998e-02 +3.514724973236752e-01 -1.631507829867719e-01 -3.952368311923092e-01 
37 5.000000000000000e-03 -1.195572769582215e+00 -8.253552436410787e-02 +2.248298750084911e+00 +1.779330075045709e-01 +1.568118560405827e-01 +4.960764797395633e-01 
38 5.000000000000000e-03 -1.952842824037563e-01 -2.390939387748579e-01 -8.517213826515003e-01 +4.227118197297116e-01 -7.164130272331406e-03 +7.201113498847377e-02 
39 5.000000000000000e-03 +1.315005024039165e-01 -1.590526394784334e-01 +2.682218253193862e-01 -1.126857849115899e-01 +1.095743659157668e+00 -1.089719251153358e-01 
40 5.000000000000000e-03 -8.517018043450838e-01 +2.630021680572749e-01 +1.782101938909676e-01 +3.068814084382837e-01 -3.279398080841435e-01 -1.278674693712187e-01 
41 5.000000000000000e-03 -1.653877461540121e-01 -9.490674310678271e-01 +4.257068962111157e-01 +9.349032536857228e-02 -2.964874390789548e-01 +4.169211533914092e-01 
42 5.000000000000000e-03 -1.093126314396674e-01 -7.996189260969752e-01 +1.040530965136259e+00 -4.705879206504795e-01 +5.197144998787761e-02 -2.760365763560670e-01 
43 5.000000000000000e-03 +5.457688184618700e-01 +1.359199924446193e-01 -1.947090455157923e-01 -2.787274423105852e-01 -2.359869621887055e-01 +6.821408031335499e-02 
44 5.000000000000000e-03 -3.192088535666514e-01 +5.858638494961782e-01 -2.821941447517671e+00 -2.278879390724108e-01 -4.421298275708604e-02 -2.534138179608470e-01 
45 5.000000000000000e-03 +1.103982269497260e-01 -1.372854458239433e-01 -3.745840992695678e-01 -7.979666636524860e-01 -2.196453298434665e-01 -1.914744753048773e-01 
46 5.000000000000000e-03 -9.282475654999689e-01 +3.735226092524686e-01 -1.664933801789519e+00 +2.954189504039442e-01 -2.624853796001613e-01 -2.347945740040411e-02 
47 5.000000000000000e-03 -5.591938251102522e-01 +5.228510335405888e-01 +8.843408227237132e-01 -4.067971337781642e-01 +2.576993226478568e-01 -1.349437384663794e-01 
48 5.000000000000000e-03 -3.490149982022616e+00 +2.206662282298121e+00 -3.427159038297725e+00 +6.406434056936919e-02 +4.935951589680956e-02 -2.871074261674241e-01 
49 5.000000000000000e-03 -4.400805242779666e-01 +1.186105462890365e+00 -8.839987705802980e-01 +3.813947600941940e-01 +5.946327491820006e-01 +3.819846260533943e-03 
50 5.000000000000000e-03 +9.858668775911876e-01 -6.739114120561787e-01 +4.288596149552701e-02 -5.347295184526605e-01 +3.224292630110265e-01 +1.703738775862035e-01 
51 5.000000000000000e-03 -1.781258810761863e+00 -1.411737000537497e+00 +3.016512285834626e+00 -1.271023965633275e-01 -2.536849078175918e-02 -1.764325063147458e-01 
52 5.000000000000000e-03 -1.620945568601335e+00 -1.784152932521472e-02 -3.156805515662833e-01 -5.692761806171186e-01 -1.485471095220955e-01 -1.118074078382090e-02 
53 5.000000000000000e-03 +5.253298458064175e-01 -8.490656752431449e-01 +7.653005033685358e-02 +2.111557547218387e-01 -3.461111863331265e-01 -2.786225236923647e-01 
54 5.000000000000000e-03 +6.235065085973283e-01 -8.403199374822957e-01 -2.516255481349514e-01 +1.293270908010465e-01 -8.658977163218079e-02 +6.323935890698056e-02 
55 5.000000000000000e-03 +1.626081769836300e+00 -1.194929342170415e+00 -2.478580081607650e-01 +1.407171108073040e-01 +1.375645055928160e-01 -2.911570309962370e-01 
56 5.000000000000000e-03 +1.037239376699653e+00 -1.939791702239128e-01 -1.083151039490194e+00 -3.289397937079119e-01 -1.058913882407217e-01 +1.300201395474563e-01 
57 5.000000000000000e-03 +1.599258853920882e-01 -2.242249303977918e-01 +4.519626725791549e-02 -5.214581264159779e-01 +8.630943117131647e-02 +1.073542250732787e-01 
58 5.000000000000000e-03 +1.068903208047003e+00 +1.988696938314368e-01 +6.764217670588729e-02 -3.513038567220105e-01 -2.614126093765859e-02 +6.461458211071982e-01 
59 5.000000000000000e-03 +7.532539618033901e-02 +1.684771788859746e+00 -1.946293931658628e+00 -3.153844335979906e-01 +2.910177575135371e-01 -3.218509718710017e-01 
60 5.000000000000000e-03 +3.767077910933492e-02 -5.525660000123609e-01 +8.191242597631006e-02 -3.512778308009280e-01 +1.194211360062759e-01 +1.931071446634687e-01 
61 5.000000000000000e-03 -1.537781320599862e-01 -2.428783974849431e-01 -1.351791275079765e-02 +1.592086287039093e-01 -4.785484118103986e-01 -9.829929118423733e-02 
62 5.000000000000000e-03 +9.235934873352571e-01 +3.968722590029447e-01 -1.318204178524188e+00 -9.362516775810625e-02 +1.972623809867750e-01 -2.562211905608791e-01 
63 5.000000000000000e-03 -4.667169002027109e-01 -3.518239280298150e-01 -5.081224879502876e-02 -3.514831256103980e-01 +4.964093199026637e-01 +1.998136227606908e-01 
64 5.000000000000000e-03 +4.788098992382910e+00 -4.252679454232524e-01 +4.706991708526409e+00 +1.299657755453519e-01 +9.792743827878669e-02 +1.200283690329315e-01 
65 5.000000000000000e-03 -2.338729396848434e+00 +1.192659213409721e+00 +3.838858291184670e-01 -3.523062455342232e-01 -1.885865015206770e-01 -3.030598494885920e-01 
66 5.000000000000000e-03 -1.322842946312306e+00 -5.903408306370895e-01 -1.398981675322688e+00 +3.220016133861260e-01 -2.157002494846780e-01 -1.863220743190845e-01 
67 5.000000000000000e-03 +8.518672535103129e-01 +1.138641529381686e+00 -1.235393710086088e+00 -3.997264371364690e-01 +1.838124079950645e-01 +3.828515425848341e-01 
68 5.000000000000000e-03 -5.979264433082004e-01 -1.246583490198676e+00 +2.007759289903837e-01 -1.226702757098397e-01 -5.114751023339762e-02 -6.675702004477918e-01 
69 5.000000000000000e-03 +4.508831346743715e-01 -1.360187816722915e+00 -3.483384504438157e-01 -5.885526265420011e-03 -3.811754027015750e-01 -9.614989927392457e-02 
70 5.000000000000000e-03 -1.809452489431665e+00 +1.830123375426221e+00 -7.824550506132120e-03 -2.415434987856065e-01 +2.158606989179675e-01 -4.318323976577374e-01 
71 5.000000000000000e-03 +8.767698115234819e-01 -1.197094838342009e+00 +5.830808491167348e-02 +3.329419613153715e-01 +2.278770856109886e-03 +9.471773528913759e-02 
72 5.000000000000000e-03 +5.269742721305393e-01 -1.602140993782853e-01 -5.476833317741083e-01 +2.578591975969173e-01 +1.265846029215472e-01 -1.992625645555780e-01 
73 5.000000000000000e-03 -6.739867569322121e-01 +4.293864919901604e-01 -3.981835358216083e-01 -7.142257254661522e-02 -1.684201967019070e-01 -4.375342148931512e-01 
74 5.000000000000000e-03 -1.891506886274999e-01 +3.151744675687491e+00 -1.874371950334233e+00 -4.244130467176004e-02 +2.051292425456792e-01 -2.225183216489162e-01 
75 5.000000000000000e-03 +8.241649285731438e-01 -1.457994814444939e+00 -2.980295704409964e+00 +1.880424845273599e-01 -3.867604512505210e-01 +6.582905551272268e-02 
76 5.000000000000000e-03 +7.534584868124911e-01 -7.340647846063476e-02 +5.186516217588878e-01 +2.641559138536694e-01 +8.866635928374465e-02 -5.630074334529239e-02 
77 5.000000000000000e-03 +1.818547624492638e+00 +2.735716840090984e+00 -1.865142885464562e-01 -3.321610222828469e-01 -9.291295309823387e-02 -3.902106269642819e-01 
78 5.000000000000000e-03 -7.762468861932127e-03 -5.707148672699627e-02 -2.940785087834699e-01 +5.581068009179875e-01 -5.642465622749795e-01 +4.788703081965117e-01 
79 5.000000000000000e-03 +1.475106292192965e+00 +1.226261028155101e+00 +2.960504495729477e-01 +3.897763145141053e-01 -2.411980630279082e-02 +3.546615543162016e-01 
80 5.000000000000000e-03 -9.907866260010315e-01 -8.077668446825446e-01 -2.990825726373891e-01 -4.001146483523553e-01 -5.397940463985311e-01 -2.923061700975171e-01 
81 5.000000000000000e-03 +9.323487580496168e-01 +9.741948151644774e-01 +3.028128822251725e+00 -3.432485271977826e-01 -9.963969360842724e-02 -6.981015423950637e-03 
82 5.000000000000000e-03 -2.610430515459250e-01 +1.587370635833222e+00 -1.287374616531731e+00 -4.323957544054053e-01 +2.677254811361411e-01 -2.405816080811521e-01 
83 5.000000000000000e-03 -1.748933610128998e+00 -6.044009149898772e-01 -6.289853855547159e-02 +2.549797278107057e-01 -4.840169881037540e-02 +1.015401215307163e-01 
84 5.000000000000000e-03 +1.444100908450785e-01 -4.670985578063512e-01 -1.195438077368676e-01 -5.364328127081235e-01 -7.614760495619151e-01 +4.803716350397062e-01 
85 5.000000000000000e-03 +5.673203604091053e-01 -6.699072947628079e-01 -4.664828290125977e-01 -4.420214771941178e-02 -5.090086736566790e-01 +4.778043958284044e-01 
86 5.000000000000000e-03 -4.191254640107424e-01 -5.363571755289377e-01 +1.024980365084569e-01 +6.134102211451640e-02 +2.927655613892281e-01 -9.168445917388413e-02 
87 5.000000000000000e-03 +4.892208711619120e-01 +4.372812355955803e-01 -6.550711332861271e-02 -2.180628747566617e-01 +3.933199731036173e-03 +4.688068099867027e-01 
88 5.000000000000000e-03 +6.648940525699684e-01 +6.683253988419996e-01 -4.911996707047693e-02 -6.756709469173369e-01 -1.765490825524415e-01 +1.120673603466978e-01 
89 5.000000000000000e-03 -9.168073525012593e-02 -2.925995328695430e-01 -2.602438114751358e-01 +2.608407879203319e-01 -6.884294712487031e-01 +1.882579707886237e-01 
90 5.000000000000000e-03 +5.172746544909749e-01 +3.181885462938895e-01 +2.341512201914485e-01 +1.551950985028024e-01 -5.614287976482369e-01 -2.143315667470642e-01 
91 5.000000000000000e-03 +2.195541138133684e+00 +6.308036377632772e-01 +2.639232718870754e-01 -1.736900230470021e-02 +2.476098110317104e-02 -1.564829033460989e-01 
92 5.000000000000000e-03 +3.748187377579826e-01 +3.321906639503590e+00 -1.587585615007374e+00 +3.539940930757629e-02 +2.711457308536449e-01 -1.548778352517245e-01 
93 5.000000000000000e-03 -5.274814435121583e-02 -2.369036692984508e-01 +6.308653168921989e-01 +4.940498800581700e-01 +1.424695746704760e-01 -2.137696411286602e-02 
94 5.000000000000000e-03 +7.897708307151415e-01 +5.467646628354557e-01 -1.825361110915185e+00 -6.161690312045507e-01 -1.615632487319217e-01 -1.542438382170128e-01 
95 5.000000000000000e-03 -8.686786253425893e-01 +1.026855124568961e+00 -2.519625601065183e-01 -2.627417786950247e-01 +1.466528498801628e-01 +3.657897289819316e-01 
96 5.000000000000000e-03 +9.657286484277937e-01 -4.092932788667615e-01 +1.924381361602073e-01 +3.045086780324960e-01 +3.400223838468177e-01 -1.539840417487085e-01 
97 5.000000000000000e-03 -2.186349960665606e-01 +1.890487191946042e-01 +1.732531351717448e-01 -7.534736270295256e-01 -1.140753195166325e-01 -1.413569194856575e-01 
98 5.000000000000000e-03 +2.175081984853456e-01 -2.612025030316262e-01 -5.239759587761353e-01 +2.392319683207371e-01 +5.539824131373419e-01 +8.201099431093523e-02 
99 5.000000000000000e-03 +5.637055995977290e-01 +1.333489883696589e-01 -6.279728530992980e-01 -7.468600036350316e-01 -1.751161007897232e-01 -5.911304419792306e-02 
100 5.000000000000000e-03 -1.467881574591283e+00 -6.943606680639989e+00 -3.193811013434924e+00 +1.770009369693670e-02 +1.458670281723147e-01 +2.539319931205681e-01 
101 5.000000000000000e-03 -9.940297367496877e-02 -4.779825893234428e-01 -2.870007979494602e-01 -3.655087508126087e-01 -2.948390863180625e-01 +2.376532462481307e-01 
102 5.000000000000000e-03 -9.105672145723246e-01 -8.450761818793967e-01 -2.785862356129945e-02 +1.328336283977461e-01 -3.499608301515907e-01 +3.408118138465726e-01 
103 5.000000000000000e-03 -9.035881561171227e-01 +1.420735985079601e+00 +2.148630197891479e+00 -3.624584559683516e-01 -1.754050823112057e-01 -2.465627758226979e-01 
104 5.000000000000000e-03 +5.840318165382506e-01 +6.732495532815869e-02 -9.811117816665128e-02 +2.804482269565656e-01 -2.701587300587968e-02 -4.546747295666991e-01 
105 5.000000000000000e-03 +2.658211159614666e-01 +1.295491927106596e+00 -1.526683470771573e-01 +3.308469200862858e-01 +7.066845249387017e-02 -1.153817318685204e-01 
106 5.000000000000000e-03 -6.341948123337657e-01 -1.277111956808284e-01 +1.050049900542515e-02 -8.349622646320278e-01 +4.004319599089404e-01 +2.551728366510397e-01 
107 5.000000000000000e-03 +1.993666566304083e+00 +3.631926354470176e+00 +6.560152396022114e-01 +1.186008606371940e-02 +2.412010491758547e-01 -3.734129734626440e-01 
108 5.000000000000000e-03 +6.018997034522223e-02 +5.811867084136112e-01 +1.222564413517411e+00 +2.449310367872439e-01 -7.607797353465789e-01 +9.154744203225409e-02 
109 5.000000000000000e-03 +9.165035811455040e-02 -4.162006575334745e-01 +8.080837798115020e-01 +3.851837512653264e-01 -1.285407782645931e-01 -3.358852924870526e-01 
110 5.000000000000000e-03 +2.781571823304403e-01 -7.817551496377164e-01 -1.120837874814245e-01 +2.883928582457925e-01 +2.657834776934728e-01 +6.470498453596121e-01 
111 5.000000000000000e-03 -6.894399813881126e-01 -2.619896793689372e-01 -2.966798731890303e-01 +4.593246520452166e-01 +4.118063130957184e-02 +2.368281080994795e-01 
112 5.000000000000000e-03 +8.044114837002548e-01 +3.724145081697434e-01 +8.246982136453517e-01 -2.821869375466610e-01 -7.580228421118580e-02 +3.525287818833179e-01 
113 5.000000000000000e-03 +1.520893189568247e-01 +3.005896816509285e-01 -1.465691998850577e+00 -4.707802572234357e-01 -2.364220632302034e-01 -2.604970139358765e-01 
114 5.000000000000000e-03 +3.580229323495474e-02 -7.342974223931321e-01 +8.517119100248042e-01 +1.666311162648049e-01 -7.717209968866101e-01 -3.294913223815822e-02 
115 5.000000000000000e-03 -1.803514242348378e+00 +4.160976645745369e+00 -1.247634528981844e+00 -6.183691162507085e-02 +1.028282018223808e-01 +2.543740983917407e-01 
116 5.000000000000000e-03 +4.960435746578124e-01 -1.325857581836240e+00 -1.023339479691418e+00 +7.895723277075906e-01 +5.128344329497089e-02 +9.369428842656476e-02 
117 5.000000000000000e-03 +2.245463498774719e-01 +1.674478370494703e+00 -7.971207104460293e-01 +6.628543804388277e-01 +2.514877267920820e-01 +2.679481221831881e-01 
118 5.000000000000000e-03 -1.469620250036657e-01 +8.371440501167040e-01 +5.333048929959047e-01 -2.406462683538777e-01 -4.620245465879508e-01 +5.803930016063931e-01 
119 5.000000000000000e-03 -2.541093969012991e-01 +4.272564784903201e-01 -4.098938229215646e-02 +4.680661668079101e-01 -2.723998821849514e-01 +2.716221989229124e-01 
120 5.000000000000000e-03 +6.714506875999114e-01 -4.730026781025970e-01 -6.344764400818167e-01 +5.491554842784142e-02 -3.641633457770815e-01 -5.552376681381325e-01 
121 5.000000000000000e-03 -6.573909674818711e-01 -4.109779353259250e-01 +1.666723456477627e+00 +3.805061017556640e-03 +2.015990168483266e-01 -6.104742637028372e-01 
122 5.000000000000000e-03 -2.178674061225296e-02 -2.098069280920267e+00 -2.094519326079501e-02 +5.507932692764642e-02 +5.063499073764437e-01 +3.695660503368528e-01 
123 5.000000000000000e-03 -4.506612788413774e-02 -4.981876149310163e-01 +7.596734363915020e-01 +2.784609705347386e-01 -1.634528843008573e-01 -4.906521457875184e-01 
124 5.000000000000000e-03 +5.365858026091237e+00 -6.728599811473024e+00 +5.344614275220856e-04 -7.364317391468812e-03 -1.355481182558384e-01 +7.918134331605130e-02 
125 5.000000000000000e-03 -7.811881462985514e-01 +5.027847039896164e-02 +1.013472736479500e-01 -4.373053005199246e-01 -2.000496041936920e-01 +8.837469631670221e-01 
126 5.000000000000000e-03 -4.716208340268477e-02 +2.263389499680554e-01 +3.326523668167866e-01 +3.403280687652133e-01 +6.033411276328018e-02 +5.977467052398205e-01 
127 5.000000000000000e-03 +8.453840984683386e-01 -2.099191431320949e-02 -5.559627760229346e-01 +5.020384939578230e-01 +8.909942678300883e-03 -2.694478772053376e-02 
128 5.000000000000000e-03 +4.137705429173630e-02 +3.325954787998592e-01 +3.686798844708575e-01 +2.820808758437442e-01 +2.477590501865833e-01 -4.730448835731288e-02 
129 5.000000000000000e-03 +3.498138211470890e-01 -2.587213706784345e+00 +1.774295876371686e+00 +1.666730075826579e-01 +8.881578377614649e-02 -4.178498938298831e-02 
130 5.000000000000000e-03 -1.685504053842700e+00 -8.864350112912062e-01 -3.580147686149501e-01 +4.711144729214432e-01 -2.220257607857363e-02 +4.936090536852971e-01 
131 5.000000000000000e-03 -3.374598131416315e-01 -3.320058772803945e-01 +2.449694502981389e-01 -2.410988405027416e-01 -2.085614763308653e-01 -1.383261126276964e-01 
132 5.000000000000000e-03 +7.448653049266497e-02 +7.802747376970848e-02 +6.998503941073252e-01 +1.477891215378909e-01 -4.035280162997491e-01 +2.183440174011414e-01 
133 5.000000000000000e-03 +2.630043168667802e-01 +1.054430945330624e+00 +4.451607372885965e-01 +1.562902290788260e-01 +4.829796651680510e-01 -8.298155547394596e-02 
134 5.000000000000000e-03 -4.035458845722488e-01 -1.616543821457701e+00 +7.686265163192132e-01 -3.499715768915934e-02 -4.486911089660648e-01 +4.928385264876769e-02 
135 5.000000000000000e-03 +2.066400054910818e-01 +2.729525298444576e-01 -1.947060306347724e-02 -3.595257530747302e-01 -5.318741788881601e-01 -1.964549149493631e-03 
136 5.000000000000000e-03 +2.552740758517786e-02 +2.956790492727961e-01 -4.892055654115998e-02 -3.514724973236752e-01 +1.631507829867719e-01 +3.952368311923092e-01 
137 5.000000000000000e-03 +1.195572769582215e+00 +8.253552436410787e-02 -2.248298750084911e+00 -1.779330075045709e-01 -1.568118560405827e-01 -4.960764797395633e-01 
138 5.000000000000000e-03 +1.952842824037563e-01 +2.390939387748579e-01 +8.517213826515003e-01 -4.227118197297116e-01 +7.164130272331406e-03 -7.201113498847377e-02 
139 5.000000000000000e-03 -1.315005024039165e-01 +1.590526394784334e-01 -2.682218253193862e-01 +1.126857849115899e-01 -1.095743659157668e+00 +1.089719251153358e-01 
140 5.000000000000000e-03 +8.517018043450838e-01 -2.630021680572749e-01 -1.782101938909676e-01 -3.068814084382837e-01 +3.279398080841435e-01 +1.278674693712187e-01 
141 5.000000000000000e-03 +1.653877461540121e-01 +9.490674310678271e-01 -4.257068962111157e-01 -9.349032536857228e-02 +2.964874390789548e-01 -4.169211533914092e-01 
142 5.000000000000000e-03 +1.093126314396674e-01 +7.996189260969752e-01 -1.040530965136259e+00 +4.705879206504795e-01 -5.197144998787761e-02 +2.760365763560670e-01 
143 5.000000000000000e-03 -5.457688184618700e-01 -1.359199924446193e-01 +1.947090455157923e-01 +2.787274423105852e-01 +2.359869621887055e-01 -6.821408031335499e-02 
144 5.000000000000000e-03 +3.192088535666514e-01 -5.858638494961782e-01 +2.821941447517671e+00 +2.278879390724108e-01 +4.421298275708604e-02 +2.534138179608470e-01 
145 5.000000000000000e-03 -1.103982269497260e-01 +1.372854458239433e-01 +3.745840992695678e-01 +7.979666636524860e-01 +2.196453298434665e-01 +1.914744753048773e-01 
146 5.000000000000000e-03 +9.282475654999689e-01 -3.735226092524686e-01 +1.664933801789519e+00 -2.954189504039442e-01 +2.624853796001613e-01 +2.347945740040411e-02 
147 5.000000000000000e-03 +5.591938251102522e-01 -5.228510335405888e-01 -8.843408227237132e-01 +4.067971337781642e-01 -2.576993226478568e-01 +1.349437384663794e-01 
148 5.000000000000000e-03 +3.490149982022616e+00 -2.206662282298121e+00 +3.427159038297725e+00 -6.406434056936919e-02 -4.935951589680956e-02 +2.871074261674241e-01 
149 5.000000000000000e-03 +4.400805242779666e-01 -1.186105462890365e+00 +8.839987705802980e-01 -3.813947600941940e-01 -5.946327491820006e-01 -3.819846260533943e-03 
150 5.000000000000000e-03 -9.858668775911876e-01 +6.739114120561787e-01 -4.288596149552701e-02 +5.347295184526605e-01 -3.224292630110265e-01 -1.703738775862035e-01 
151 5.000000000000000e-03 +1.781258810761863e+00 +1.411737000537497e+00 -3.016512285834626e+00 +1.271023965633275e-01 +2.536849078175918e-02 +1.764325063147458e-01 
152 5.000000000000000e-03 +1.620945568601335e+00 +1.784152932521472e-02 +3.156805515662833e-01 +5.692761806171186e-01 +1.485471095220955e-01 +1.118074078382090e-02 
153 5.000000000000000e-03 -5.253298458064175e-01 +8.490656752431449e-01 -7.653005033685358e-02 -2.111557547218387e-01 +3.461111863331265e-01 +2.786225236923647e-01 
154 5.000000000000000e-03 -6.235065085973283e-01 +8.403199374822957e-01 +2.516255481349514e-01 -1.293270908010465e-01 +8.658977163218079e-02 -6.323935890698056e-02 
155 5.000000000000000e-03 -1.626081769836300e+00 +1.194929342170415e+00 +2.478580081607650e-01 -1.407171108073040e-01 -1.375645055928160e-01 +2.911570309962370e-01 
156 5.000000000000000e-03 -1.037239376699653e+00 +1.939791702239128e-01 +1.083151039490194e+00 +3.289397937079119e-01 +1.058913882407217e-01 -1.300201395474563e-01 
157 5.000000000000000e-03 -1.599258853920882e-01 +2.242249303977918e-01 -4.519626725791549e-02 +5.214581264159779e-01 -8.630943117131647e-02 -1.073542250732787e-01 
158 5.000000000000000e-03 -1.068903208047003e+00 -1.988696938314368e-01 -6.764217670588729e-02 +3.513038567220105e-01 +2.614126093765859e-02 -6.461458211071982e-01 
159 5.000000000000000e-03 -7.532539618033901e-02 -1.684771788859746e+00 +1.946293931658628e+00 +3.153844335979906e-01 -2.910177575135371e-01 +3.218509718710017e-01 
160 5.000000000000000e-03 -3.767077910933492e-02 +5.525660000123609e-01 -8.191242597631006e-02 +3.512778308009280e-01 -1.194211360062759e-01 -1.931071446634687e-01 
161 5.000000000000000e-03 +1.537781320599862e-01 +2.428783974849431e-01 +1.351791275079765e-02 -1.592086287039093e-01 +4.785484118103986e-01 +9.829929118423733e-02 
162 5.000000000000000e-03 -9.235934873352571e-01 -3.968722590029447e-01 +1.318204178524188e+00 +9.362516775810625e-02 -1.972623809867750e-01 +2.562211905608791e-01 
163 5.000000000000000e-03 +4.667169002027109e-01 +3.518239280298150e-01 +5.081224879502876e-02 +3.514831256103980e-01 -4.964093199026637e-01 -1.998136227606908e-01 
164 5.000000000000000e-03 -4.788098992382910e+00 +4.252679454232524e-01 -4.706991708526409e+00 -1.299657755453519e-01 -9.792743827878669e-02 -1.200283690329315e-01 
165 5.000000000000000e-03 +2.338729396848434e+00 -1.192659213409721e+00 -3.838858291184670e-01 +3.523062455342232e-01 +1.885865015206770e-01 +3.030598494885920e-01 
166 5.000000000000000e-03 +1.322842946312306e+00 +5.903408306370895e-01 +1.398981675322688e+00 -3.220016133861260e-01 +2.157002494846780e-01 +1.863220743190845e-01 
167 5.000000000000000e-03 -8.518672535103129e-01 -1.138641529381686e+00 +1.235393710086088e+00 +3.997264371364690e-01 -1.838124079950645e-01 -3.828515425848341e-01 
168 5.000000000000000e-03 +5.979264433082004e-01 +1.246583490198676e+00 -2.007759289903837e-01 +1.226702757098397e-01 +5.114751023339762e-02 +6.675702004477918e-01 
169 5.000000000000000e-03 -4.508831346743715e-01 +1.360187816722915e+00 +3.483384504438157e-01 +5.885526265420011e-03 +3.811754027015750e-01 +9.614989927392457e-02 
170 5.000000000000000e-03 +1.809452489431665e+00 -1.830123375426221e+00 +7.824550506132120e-03 +2.415434987856065e-01 -2.158606989179675e-01 +4.318323976577374e-01 
171 5.000000000000000e-03 -8.767698115234819e-01 +1.197094838342009e+00 -5.830808491167348e-02 -3.329419613153715e-01 -2.278770856109886e-03 -9.471773528913759e-02 
172 5.000000000000000e-03 -5.269742721305393e-01 +1.602140993782853e-01 +5.476833317741083e-01 -2.578591975969173e-01 -1.265846029215472e-01 +1.992625645555780e-01 
173 5.000000000000000e-03 +6.739867569322121e-01 -4.293864919901604e-01 +3.981835358216083e-01 +7.142257254661522e-02 +1.684201967019070e-01 +4.375342148931512e-01 
174 5.000000000000000e-03 +1.891506886274999e-01 -3.151744675687491e+00 +1.874371950334233e+00 +4.244130467176004e-02 -2.051292425456792e-01 +2.225183216489162e-01 
175 5.000000000000000e-03 -8.241649285731438e-01 +1.457994814444939e+00 +2.980295704409964e+00 -1.880424845273599e-01 +3.867604512505210e-01 -6.582905551272268e-02 
176 5.000000000000000e-03 -7.534584868124911e-01 +7.340647846063476e-02 -5.186516217588878e-01 -2.641559138536694e-01 -8.866635928374465e-02 +5.630074334529239e-02 
177 5.000000000000000e-03 -1.818547624492638e+00 -2.735716840090984e+00 +1.865142885464562e-01 +3.321610222828469e-01 +9.291295309823387e-02 +3.902106269642819e-01 
178 5.000000000000000e-03 +7.762468861932127e-03 +5.707148672699627e-02 +2.940785087834699e-01 -5.581068009179875e-01 +5.642465622749795e-01 -4.788703081965117e-01 
179 5.000000000000000e-03 -1.475106292192965e+00 -1.226261028155101e+00 -2.960504495729477e-01 -3.897763145141053e-01 +2.411980630279082e-02 -3.546615543162016e-01 
180 5.000000000000000e-03 +9.907866260010315e-01 +8.077668446825446e-01 +2.990825726373891e-01 +4.001146483523553e-01 +5.397940463985311e-01 +2.923061700975171e-01 
181 5.000000000000000e-03 -9.323487580496168e-01 -9.741948151644774e-01 -3.028128822251725e+00 +3.432485271977826e-01 +9.963969360842724e-02 +6.981015423950637e-03 
182 5.000000000000000e-03 +2.610430515459250e-01 -1.587370635833222e+00 +1.287374616531731e+00 +4.323957544054053e-01 -2.677254811361411e-01 +2.405816080811521e-01 
183 5.000000000000000e-03 +1.748933610128998e+00 +6.044009149898772e-01 +6.289853855547159e-02 -2.549797278107057e-01 +4.840169881037540e-02 -1.015401215307163e-01 
184 5.000000000000000e-03 -1.444100908450785e-01 +4.670985578063512e-01 +1.195438077368676e-01 +5.364328127081235e-01 +7.614760495619151e-01 -4.803716350397062e-01 
185 5.000000000000000e-03 -5.673203604091053e-01 +6.699072947628079e-01 +4.664828290125977e-01 +4.420214771941178e-02 +5.090086736566790e-01 -4.778043958284044e-01 
186 5.000000000000000e-03 +4.191254640107424e-01 +5.363571755289377e-01 -1.024980365084569e-01 -6.134102211451640e-02 -2.927655613892281e-01 +9.168445917388413e-02 
187 5.000000000000000e-03 -4.892208711619120e-01 -4.372812355955803e-01 +6.550711332861271e-02 +2.180628747566617e-01 -3.933199731036173e-03 -4.688068099867027e-01 
188 5.000000000000000e-03 -6.648940525699684e-01 -6.683253988419996e-01 +4.911996707047693e-02 +6.756709469173369e-01 +1.765490825524415e-01 -1.120673603466978e-01 
189 5.000000000000000e-03 +9.168073525012593e-02 +2.925995328695430e-01 +2.602438114751358e-01 -2.608407879203319e-01 +6.884294712487031e-01 -1.882579707886237e-01 
190 5.000000000000000e-03 -5.172746544909749e-01 -3.181885462938895e-01 -2.341512201914485e-01 -1.551950985028024e-01 +5.614287976482369e-01 +2.143315667470642e-01 
191 5.000000000000000e-03 -2.195541138133684e+00 -6.308036377632772e-01 -2.639232718870754e-01 +1.736900230470021e-02 -2.476098110317104e-02 +1.564829033460989e-01 
192 5.000000000000000e-03 -3.748187377579826e-01 -3.321906639503590e+00 +1.587585615007374e+00 -3.539940930757629e-02 -2.711457308536449e-01 +1.548778352517245e-01 
193 5.000000000000000e-03 +5.274814435121583e-02 +2.369036692984508e-01 -6.308653168921989e-01 -4.940498800581700e-01 -1.424695746704760e-01 +2.137696411286602e-02 
194 5.000000000000000e-03 -7.897708307151415e-01 -5.467646628354557e-01 +1.825361110915185e+00 +6.161690312045507e-01 +1.615632487319217e-01 +1.542438382170128e-01 
195 5.000000000000000e-03 +8.686786253425893e-01 -1.026855124568961e+00 +2.519625601065183e-01 +2.627417786950247e-01 -1.466528498801628e-01 -3.657897289819316e-01 
196 5.000000000000000e-03 -9.657286484277937e-01 +4.092932788667615e-01 -1.924381361602073e-01 -3.045086780324960e-01 -3.400223838468177e-01 +1.539840417487085e-01 
197 5.000000000000000e-03 +2.186349960665606e-01 -1.890487191946042e-01 -1.732531351717448e-01 +7.534736270295256e-01 +1.140753195166325e-01 +1.413569194856575e-01 
198 5.000000000000000e-03 -2.175081984853456e-01 +2.612025030316262e-01 +5.239759587761353e-01 -2.392319683207371e-01 -5.539824131373419e-01 -8.201099431093523e-02 
199 5.000000000000000e-03 -5.637055995977290e-01 -1.333489883696589e-01 +6.279728530992980e-01 +7.468600036350316e-01 +1.751161007897232e-01 +5.911304419792306e-02 
200 5.000000000000000e-03 +1.467881574591283e+00 +6.943606680639989e+00 +3.193811013434924e+00 -1.770009369693670e-02 -1.458670281723147e-01 -2.539319931205681e-01 
